18993.00,27,80,2727.21,0.19
2632.00,6,28,892.04,0.04
MAX_PLAN
MAX_PLAN
290367.00,118,322,10570.31,0.75
MAX_PLAN
18306.00,18,79,2750.25,0.14
2450.00,7,28,933.38,0.04
19282.00,33,84,2926.58,0.20
26389.00,27,96,3178.78,0.22
58183.00,55,141,4799.63,0.32
16703.00,27,80,2504.06,0.19
25727.00,43,98,3202.99,0.26
MAX_PLAN
MAX_PLAN
156927.00,95,239,7785.22,0.58
20591.00,21,86,2807.39,0.14
20798.00,21,85,2939.41,0.12
12096.00,17,63,2165.09,0.10
11920.00,20,61,2010.76,0.12
1465.00,6,24,730.68,0.04
18500.00,25,81,2861.94,0.14
15745.00,23,76,2474.81,0.11
106800.00,70,192,6441.69,0.42
MAX_PLAN
MAX_PLAN
5968.00,13,46,1466.23,0.07
87167.00,64,182,5953.88,0.27
MAX_PLAN
2505.00,7,28,953.88,0.03
45709.00,36,126,4330.25,0.22
MAX_PLAN
123148.00,81,211,7026.63,0.49
69469.00,55,159,5350.71,0.35
MAX_PLAN
52098.00,40,139,4445.80,0.16
11446.00,14,59,2036.05,0.09
6830.00,19,49,1677.43,0.13
43180.00,42,123,4192.82,0.27
6396.00,11,47,1515.61,0.08
204514.00,99,265,8698.01,0.57
MAX_PLAN
14091.00,26,76,2335.11,0.15
108145.00,63,193,6527.29,0.41
27873.00,34,101,3329.31,0.20
2494.00,9,30,989.55,0.06
22263.00,36,88,2938.96,0.21
MAX_PLAN
19011.00,39,81,2612.93,0.24
MAX_PLAN
7046.00,11,50,1651.50,0.06
75354.00,60,168,5499.20,0.33
38821.00,50,123,3931.07,0.28
209499.00,87,265,8923.76,0.55
39927.00,33,114,3920.10,0.22
55837.00,54,145,4951.33,0.33
21083.00,25,86,2837.61,0.11
16702.00,28,79,2782.07,0.19
9788.00,24,62,2015.26,0.16
32489.00,32,107,3553.80,0.20
28906.00,33,95,3187.20,0.22
84986.00,62,173,5838.09,0.35
51790.00,49,134,4602.63,0.29
MAX_PLAN
131202.00,71,214,6951.60,0.32
30021.00,26,106,3468.99,0.18
173123.00,89,251,8265.99,0.54
7908.00,17,54,1633.74,0.11
MAX_PLAN
245022.00,91,292,9775.30,0.50
40385.00,45,117,3744.79,0.25
165116.00,99,248,8254.25,0.73
MAX_PLAN
155535.00,90,234,7918.04,0.53
5951.00,10,46,1578.97,0.08
MAX_PLAN
MAX_PLAN
MAX_PLAN
159627.00,65,235,8079.43,0.52
9237.00,22,58,1965.96,0.17
MAX_PLAN
MAX_PLAN
62129.00,53,146,4931.70,0.30
5921.00,12,44,1356.28,0.08
MAX_PLAN
104451.00,70,196,6417.59,0.40
MAX_PLAN
MAX_PLAN
36973.00,30,113,4003.33,0.19
138353.00,83,218,7415.14,0.48
246485.00,96,292,10171.90,0.60
7672.00,21,54,1638.44,0.09
126895.00,89,213,7136.16,0.46
1162.00,4,22,761.26,0.02
79977.00,66,169,5697.01,0.28
39865.00,34,119,4070.13,0.17
34172.00,41,111,3740.64,0.24
16930.00,20,77,2376.05,0.11
49312.00,39,130,4384.15,0.29
MAX_PLAN
